21 0.3524822695035461 0.48278688524590163 0.12198581560283688 0.07868852459016394
12 0.47304964539007094 0.4918032786885246 0.14893617021276595 0.09508196721311475
15 0.6390070921985815 0.3188524590163934 0.1347517730496454 0.13934426229508196
0 0.8730496453900709 0.49426229508196723 0.20141843971631207 0.15081967213114755
4 0.4652482269503546 0.6631147540983606 0.13049645390070921 0.09836065573770492
19 0.2929078014184397 0.669672131147541 0.21134751773049645 0.11967213114754098
14 0.7028368794326241 0.7245901639344262 0.17304964539007092 0.1360655737704918
12 0.5957446808510638 0.5040983606557377 0.14893617021276595 0.09508196721311475
14 0.8397163120567376 0.7557377049180328 0.1347517730496454 0.1180327868852459
11 0.5156028368794326 0.3344262295081967 0.12907801418439716 0.09836065573770492
10 0.4056737588652482 0.31065573770491806 0.1347517730496454 0.12786885245901639
10 0.3028368794326241 0.30491803278688523 0.1347517730496454 0.12786885245901639
21 0.25673758865248225 0.47704918032786886 0.12198581560283688 0.06885245901639345