21 0.5382978723404256 0.06134969325153374 0.13936170212765958 0.12269938650306748
15 0.0925531914893617 0.6357361963190185 0.1776595744680851 0.34662576687116564
15 0.23085106382978723 0.852760736196319 0.20957446808510638 0.25920245398773006
15 0.08936170212765958 0.901840490797546 0.17872340425531916 0.19631901840490798
12 0.20425531914893616 0.473159509202454 0.20851063829787234 0.25306748466257667
12 0.30531914893617024 0.696319018404908 0.19893617021276597 0.3113496932515337
11 0.399468085106383 0.5697852760736196 0.19787234042553192 0.2852760736196319
11 0.33404255319148934 0.28911042944785276 0.19148936170212766 0.25920245398773006
10 0.5968085106382979 0.26533742331288346 0.1478723404255319 0.22699386503067484
10 0.698404255319149 0.1004601226993865 0.14574468085106382 0.200920245398773
21 0.6558510638297872 0.17638036809815952 0.13085106382978723 0.2254601226993865
21 0.7563829787234042 0.06134969325153374 0.11702127659574468 0.12269938650306748
17 0.39574468085106385 0.046012269938650305 0.06702127659574468 0.09202453987730061