19 0.5215004574565416 0.6796511627906977 0.1454711802378774 0.11976744186046512
12 0.5430009149130832 0.12034883720930233 0.12991765782250686 0.1569767441860465
9 0.6239707227813358 0.33430232558139533 0.09332113449222323 0.12674418604651164
11 0.21225983531564502 0.12325581395348838 0.10887465690759378 0.12441860465116279
17 0.39752973467520586 0.11918604651162791 0.06221408966148216 0.15
17 0.494967978042086 0.08197674418604652 0.053979871912168347 0.0872093023255814
18 0.6857273559011894 0.33430232558139533 0.08600182982616651 0.1313953488372093
19 0.6248856358645929 0.7441860465116279 0.18755718206770358 0.1941860465116279
14 0.19304666056724612 0.5709302325581396 0.12442817932296432 0.12325581395348838
7 0.4537968892955169 0.7366279069767442 0.15919487648673375 0.09767441860465116
4 0.2909423604757548 0.6127906976744186 0.12991765782250686 0.10813953488372093
22 0.6280878316559927 0.5284883720930232 0.11253430924062215 0.12790697674418605
16 0.7996340347666971 0.1063953488372093 0.17200365965233302 0.1697674418604651
9 0.28728270814272644 0.11511627906976744 0.1161939615736505 0.14883720930232558
16 0.2200365965233303 0.2802325581395349 0.10064043915827996 0.09186046511627907
16 0.2950594693504117 0.28837209302325584 0.11161939615736505 0.09186046511627907
21 0.9240622140896615 0.35872093023255813 0.15187557182067704 0.1372093023255814
21 0.9359560841720037 0.12732558139534883 0.1280878316559927 0.15232558139534882
21 0.3366880146386093 0.14011627906976745 0.08966148215919488 0.11976744186046512
5 0.3412625800548948 0.45232558139534884 0.1070448307410796 0.09534883720930233
5 0.5324794144556267 0.502906976744186 0.1070448307410796 0.12093023255813953
23 0.9098810612991766 0.5941860465116279 0.15827996340347666 0.18023255813953487
23 0.2744739249771272 0.4377906976744186 0.08051235132662397 0.10697674418604651