21 0.2506393861892583 0.46835443037974683 0.18840579710144928 0.14556962025316456
23 0.6295822676896846 0.6582278481012658 0.14066496163682865 0.22943037974683544
23 0.783461210571185 0.6930379746835443 0.1534526854219949 0.06962025316455696
23 0.887468030690537 0.6036392405063291 0.1977834612105712 0.22943037974683544
10 0.0741687979539642 0.567246835443038 0.1483375959079284 0.3275316455696203
5 0.5946291560102301 0.46677215189873417 0.113384484228474 0.11867088607594936
21 0.4752770673486786 0.6028481012658228 0.16027280477408354 0.375
21 0.21270247229326514 0.6495253164556962 0.2651321398124467 0.21518987341772153
19 0.556692242114237 0.9493670886075949 0.22250639386189258 0.09651898734177215
19 0.27450980392156865 0.9525316455696202 0.22250639386189258 0.0949367088607595
19 0.9236999147485081 0.42800632911392406 0.11594202898550725 0.0981012658227848