2 0.474392 0.8077290836653387 0.11884000000000002 0.17900398406374501
19 0.322864 0.8623505976095618 0.10734400000000001 0.13876494023904382
19 0.100704 0.8276361221779549 0.159712 0.2158300132802125
4 0.7335119999999999 0.5239575033200532 0.12946400000000002 0.11443559096945552
23 0.455888 0.340265604249668 0.089184 0.13685258964143426
23 0.355632 0.34386454183266935 0.09124 0.10901726427622842
23 0.33512 0.15159362549800798 0.107704 0.11205843293492695
23 0.464136 0.11088977423638778 0.08163200000000001 0.030650730411686585
5 0.582888 0.3379814077025232 0.08752 0.1244223107569721
22 0.9453280000000001 0.530066401062417 0.109352 0.06798140770252324
6 0.9514239999999999 0.3341168658698539 0.08832000000000001 0.13227091633466134
4 0.701936 0.15711819389110226 0.06579199999999999 0.08827357237715804
21 0.127072 0.5186321381142098 0.13724 0.09630810092961486
21 0.041328 0.5218857901726428 0.082648 0.08697211155378486
1 0.084928 0.15406374501992032 0.09901599999999999 0.11808764940239044