23 0.3777555110220441 0.7746987951807229 0.19138276553106212 0.2433734939759036
23 0.17585170340681364 0.7855421686746988 0.22444889779559118 0.25783132530120484
23 0.22745490981963928 0.5542168674698795 0.17334669338677355 0.18795180722891566
5 0.5751503006012024 0.7903614457831325 0.18537074148296592 0.24819277108433735
5 0.39579158316633267 0.4795180722891566 0.16132264529058116 0.3373493975903614
23 0.25801603206412826 0.3891566265060241 0.1492985971943888 0.17349397590361446
23 0.08166332665330661 0.572289156626506 0.16332665330661322 0.1710843373493976
23 0.09719438877755511 0.40481927710843374 0.14729458917835672 0.163855421686747
23 0.034569138276553106 0.8481927710843373 0.06913827655310621 0.1108433734939759
22 0.56312625250501 0.563855421686747 0.15831663326653306 0.17349397590361446
22 0.5541082164328658 0.39759036144578314 0.1402805611222445 0.13975903614457832
6 0.7730460921843687 0.7698795180722892 0.19539078156312625 0.30843373493975906
6 0.7289579158316634 0.5301204819277109 0.18837675350701402 0.21204819277108433
6 0.6998997995991983 0.3686746987951807 0.1523046092184369 0.1710843373493976
14 0.935871743486974 0.7975903614457831 0.1282565130260521 0.23373493975903614
14 0.9163326653306614 0.5698795180722892 0.1593186372745491 0.1710843373493976