12 0.389988358556461 0.9552845528455285 0.33760186263096625 0.08943089430894309
11 0.7951105937136205 0.8054587688734031 0.15832363213038417 0.13008130081300814
0 0.0779976717112922 0.04994192799070848 0.1559953434225844 0.08246225319396051
18 0.6036088474970897 0.24041811846689895 0.0919674039580908 0.059233449477351915
19 0.2532013969732247 0.724157955865273 0.30384167636786963 0.16376306620209058
14 0.46216530849825377 0.6910569105691057 0.16181606519208383 0.11265969802555169
14 0.5011641443538999 0.44018583042973286 0.24447031431897556 0.13704994192799072
14 0.3492433061699651 0.9076655052264808 0.2852153667054715 0.12775842044134728
7 0.580325960419092 0.6416957026713124 0.1350407450523865 0.08362369337979095
8 0.7246798603026775 0.6498257839721254 0.20372526193247964 0.09059233449477352
5 0.7328288707799767 0.4146341463414634 0.21536670547147846 0.11498257839721254
15 0.31548311990686845 0.4988385598141696 0.13038416763678695 0.1521486643437863
12 0.6589057043073341 0.06445993031358885 0.15017462165308498 0.11962833914053426