15 0.939541041482789 0.20135135135135135 0.11827007943512798 0.12027027027027028
23 0.44483671668137686 0.6412162162162162 0.1879964695498676 0.2
23 0.5392762577228597 0.6114864864864865 0.15975286849073256 0.17432432432432432
23 0.619152691968226 0.5689189189189189 0.13857016769638128 0.1608108108108108
23 0.49735216240070607 0.9006756756756756 0.15180935569285084 0.19864864864864865
23 0.6006178287731686 0.8641891891891892 0.15180935569285084 0.19864864864864865
23 0.676522506619594 0.8162162162162162 0.15180935569285084 0.19864864864864865
23 0.470432480141218 0.34324324324324323 0.15975286849073256 0.19864864864864865
23 0.5450132391879965 0.30405405405405406 0.14386584289496912 0.15675675675675677
5 0.7343336275375111 0.5027027027027027 0.10061782877316858 0.14594594594594595
5 0.6734333627537511 0.5337837837837838 0.11738746690203 0.14594594594594595
5 0.7343336275375111 0.7574324324324324 0.12003530450132392 0.17027027027027028
5 0.7846425419240953 0.7256756756756757 0.11650485436893204 0.14594594594594595
5 0.6835834068843778 0.2695945945945946 0.1262135922330097 0.1918918918918919
22 0.22197705207413945 0.7486486486486487 0.2091791703442189 0.22702702702702704
0 0.7634598411297441 0.2445945945945946 0.13857016769638128 0.19864864864864865
0 0.8278905560458959 0.48986486486486486 0.13857016769638128 0.1635135135135135
0 0.8592233009708737 0.6871621621621622 0.13857016769638128 0.1608108108108108
15 0.971756398940865 0.3864864864864865 0.05648720211827008 0.09324324324324325