0 0.29128672745694023 0.4138240574506284 0.10131712259371833 0.05565529622980251
12 0.8019250253292807 0.7405745062836625 0.19148936170212766 0.18850987432675045
12 0.8049645390070922 0.6678635547576302 0.292806484295846 0.1813285457809695
12 0.6828774062816616 0.5439856373429084 0.13880445795339413 0.07899461400359066
21 0.916919959473151 0.6068222621184919 0.16312056737588654 0.15080789946140036
21 0.14792299898682879 0.447935368043088 0.05673758865248227 0.0466786355475763
21 0.20314083080040526 0.3985637342908438 0.05876393110435663 0.059245960502693
10 0.7806484295845998 0.5377019748653501 0.1398176291793313 0.10053859964093358
9 0.33789260385005065 0.4982046678635548 0.1519756838905775 0.12746858168761221
9 0.31965552178318135 0.5538599640933572 0.060790273556231005 0.12208258527827648
9 0.4412360688956434 0.5080789946140036 0.11854103343465046 0.0718132854578097
9 0.42806484295846 0.5763016157989228 0.08308004052684904 0.11490125673249552
9 0.513677811550152 0.547576301615799 0.09219858156028368 0.07899461400359066
0 0.25329280648429586 0.4649910233393178 0.1094224924012158 0.06104129263913824
10 0.13728470111448834 0.40484739676840215 0.07598784194528875 0.06822262118491922