22 0.11644657863145258 0.9156534954407295 0.23289315726290516 0.1595744680851064
10 0.737094837935174 0.5752279635258358 0.16566626650660263 0.15045592705167174
11 0.5744297719087635 0.7104863221884499 0.20528211284513806 0.196048632218845
5 0.3907563025210084 0.7781155015197568 0.19447779111644659 0.22188449848024316
15 0.5384153661464586 0.1337386018237082 0.16566626650660263 0.15045592705167174
17 0.37635054021608644 0.11018237082066869 0.08283313325330131 0.2127659574468085
17 0.7605042016806722 0.31990881458966564 0.12364945978391356 0.1534954407294833
12 0.6050420168067226 0.5942249240121581 0.2388955582232893 0.11094224924012158
23 0.5900360144057623 0.9164133738601824 0.34213685474189676 0.1595744680851064
24 0.8847539015606243 0.723404255319149 0.11164465786314526 0.10638297872340426
10 0.37635054021608644 0.4756838905775076 0.13565426170468187 0.24772036474164133
8 0.22749099639855944 0.5417933130699089 0.08163265306122448 0.23860182370820668
23 0.0894357743097239 0.5174772036474165 0.17767106842737096 0.39361702127659576
15 0.492797118847539 0.4521276595744681 0.19447779111644659 0.18541033434650456
11 0.6920768307322929 0.3822188449848024 0.15126050420168066 0.1337386018237082
21 0.4657863145258103 0.3130699088145897 0.18487394957983194 0.11702127659574468
21 0.8577430972388955 0.3123100303951368 0.08283313325330131 0.05319148936170213