19 0.1627572347266881 0.7958333333333333 0.2705225080385852 0.39922619047619046
4 0.32304662379421223 0.8800892857142857 0.10836012861736335 0.23982142857142857
19 0.6835610932475884 0.8067261904761904 0.23473472668810288 0.38651785714285714
4 0.5159083601286173 0.8032738095238094 0.10465434083601285 0.39342261904761905
1 0.4168810289389068 0.8326190476190476 0.10389871382636656 0.33476190476190476
1 0.4015032154340836 0.32452380952380955 0.07562700964630224 0.3130357142857143
20 0.05734726688102894 0.3076488095238095 0.08995176848874599 0.27127976190476194
20 0.09869774919614148 0.15360119047619047 0.1189630225080386 0.1787797619047619
8 0.1255305466237942 0.33479166666666665 0.0879983922829582 0.20455357142857145
8 0.18068327974276527 0.17238095238095238 0.0414951768488746 0.22666666666666666
14 0.8272668810289389 0.26202380952380955 0.1412540192926045 0.35386904761904764
14 0.6062781350482316 0.29907738095238096 0.34750000000000003 0.3663392857142857
7 0.9294774919614148 0.273125 0.14104501607717043 0.31449404761904765