10 0.5379188712522046 0.16924778761061948 0.07936507936507936 0.10176991150442478
15 0.12433862433862433 0.15486725663716813 0.16225749559082892 0.12389380530973451
12 0.20811287477954143 0.38495575221238937 0.08818342151675485 0.12389380530973451
11 0.8165784832451499 0.3915929203539823 0.11992945326278659 0.09955752212389381
0 0.8209876543209876 0.2975663716814159 0.1111111111111111 0.061946902654867256
9 0.3835978835978836 0.2002212389380531 0.11816578483245149 0.08849557522123894
18 0.5352733686067019 0.3971238938053097 0.10052910052910052 0.10176991150442478
19 0.8465608465608465 0.8429203539823009 0.13756613756613756 0.13495575221238937
14 0.07671957671957672 0.8528761061946902 0.15167548500881833 0.2013274336283186
10 0.8033509700176367 0.1736725663716814 0.14109347442680775 0.09734513274336283
7 0.18518518518518517 0.8517699115044248 0.11816578483245149 0.21017699115044247
14 0.3765432098765432 0.8550884955752213 0.13227513227513227 0.21238938053097345
14 0.25044091710758376 0.879424778761062 0.09347442680776014 0.1504424778761062
4 0.7301587301587301 0.8827433628318584 0.09347442680776014 0.16592920353982302
22 0.8350970017636684 0.6227876106194691 0.1675485008818342 0.19247787610619468
6 0.5555555555555556 0.8672566371681416 0.1675485008818342 0.17256637168141592
15 0.09611992945326278 0.377212389380531 0.16225749559082892 0.12389380530973451
16 0.6825396825396826 0.37942477876106195 0.14285714285714285 0.12831858407079647
1 0.6640211640211641 0.8893805309734514 0.05291005291005291 0.1172566371681416
21 0.6746031746031746 0.18252212389380532 0.14638447971781304 0.11946902654867257
5 0.6569664902998237 0.6139380530973452 0.09700176366843033 0.13053097345132744
4 0.5458553791887125 0.6183628318584071 0.11992945326278659 0.16592920353982302
23 0.20899470899470898 0.6183628318584071 0.09523809523809523 0.14380530973451328
8 0.08112874779541446 0.581858407079646 0.10229276895943562 0.08849557522123894
23 0.3806349206349206 0.6149778761061947 0.11735449735449736 0.14033185840707965