10 0.08043875685557587 0.0859621451104101 0.14442413162705667 0.08517350157728706
15 0.5310786106032906 0.22949526813880125 0.21572212065813529 0.167192429022082
15 0.4725776965265082 0.19242902208201892 0.24680073126142596 0.17823343848580442
12 0.6946983546617916 0.25630914826498424 0.3491773308957952 0.18454258675078863
15 0.33089579524680074 0.15772870662460567 0.2303473491773309 0.11041009463722397
11 0.12431444241316271 0.3659305993690852 0.08409506398537477 0.04574132492113565
14 0.23491773308957953 0.4637223974763407 0.10237659963436929 0.05993690851735016
14 0.26782449725776963 0.5023659305993691 0.1206581352833638 0.07255520504731862
14 0.30895795246800734 0.5457413249211357 0.1206581352833638 0.07255520504731862
14 0.3537477148080439 0.5899053627760252 0.1206581352833638 0.07886435331230283
14 0.4149908592321755 0.6419558359621451 0.1316270566727605 0.09621451104100946
8 0.6837294332723949 0.8966876971608833 0.22851919561243145 0.17350157728706625
22 0.376599634369287 0.3990536277602524 0.14990859232175502 0.0914826498422713
3 0.1745886654478976 0.2689274447949527 0.10786106032906764 0.05362776025236593
6 0.886654478976234 0.3580441640378549 0.226691042047532 0.26498422712933756
2 0.8427787934186471 0.944006309148265 0.31444241316270566 0.11198738170347003
23 0.5228519195612431 0.48264984227129337 0.21389396709323583 0.12145110410094637
23 0.5987202925045704 0.5473186119873817 0.2413162705667276 0.13722397476340695
23 0.7276051188299817 0.6293375394321766 0.28153564899451555 0.15930599369085174
23 0.8537477148080439 0.7263406940063092 0.26508226691042047 0.20977917981072555