24 0.9057507987220448 0.7339027595269383 0.0902555910543131 0.10775295663600526
11 0.6537539936102237 0.7122207621550591 0.1876996805111821 0.21813403416557162
10 0.48482428115015974 0.4520367936925099 0.16613418530351437 0.2864651773981603
22 0.20777955271565493 0.9188961892247043 0.4155670926517572 0.16219448094612354
17 0.5109984025559106 0.10483574244415243 0.07078274760383386 0.20967148488830487
17 0.8321405750798722 0.35608409986859396 0.04021565495207668 0.13172141918528252
17 0.777667731629393 0.29647831800262814 0.09190894568690096 0.10282522996057819
17 0.9218450479233228 0.13249671484888303 0.049992012779552716 0.1521681997371879
17 0.8257268370607028 0.05294349540078844 0.0812220447284345 0.07533508541392904
15 0.5987779552715654 0.46074901445466493 0.16345846645367412 0.19603153745072274
13 0.9523242811501597 0.678042049934297 0.08297124600638978 0.16448094612352168
13 0.9127476038338658 0.6417477003942181 0.13395367412140577 0.10335085413929042
8 0.3849361022364217 0.5507884362680683 0.07404153354632588 0.22201051248357423
23 0.19091054313099043 0.5304862023653087 0.320167731629393 0.3862549277266754
23 0.6713977635782747 0.9401314060446782 0.26746805111821087 0.11972404730617608
5 0.5441613418530351 0.7918659658344284 0.08865015974440894 0.2542969776609724
10 0.7879632587859424 0.5801182654402103 0.12511182108626198 0.138580814717477
11 0.740535143769968 0.3891984231274639 0.13554313099041532 0.13917214191852825
21 0.5792492012779553 0.3205650459921156 0.16615015974440894 0.12530880420499343