21 0.4813664596273292 0.30423280423280424 0.14374445430346053 0.1763668430335097
16 0.85226264418811 0.6966490299823633 0.21029281277728482 0.20458553791887124
16 0.8247559893522627 0.5035273368606702 0.19787045252883761 0.15167548500881833
16 0.7932564330079858 0.34832451499118167 0.17480035492457852 0.12522045855379188
16 0.6237799467613132 0.2054673721340388 0.129547471162378 0.10229276895943562
16 0.634871339840284 0.3342151675485009 0.14729370008873113 0.12522045855379188
16 0.7542147293700089 0.23721340388007053 0.11357586512866016 0.08289241622574955
16 0.6548358473824313 0.6014109347442681 0.16770186335403728 0.25396825396825395
16 0.9023957409050577 0.1948853615520282 0.10825199645075421 0.1146384479717813
16 0.9543034605146407 0.38271604938271603 0.09139307897071872 0.14285714285714285
16 0.9778172138420586 0.599647266313933 0.044365572315882874 0.18342151675485008
21 0.48535936113575867 0.6058201058201058 0.17213842058562556 0.3350970017636684
21 0.3136645962732919 0.599647266313933 0.15705412599822538 0.2768959435626102
21 0.15794143744454303 0.6067019400352733 0.16149068322981366 0.27336860670194
21 0.06743566992014197 0.3315696649029982 0.13487133984028393 0.21516754850088182
21 0.044365572315882874 0.6208112874779541 0.08873114463176575 0.2716049382716049
21 0.19964507542147295 0.3165784832451499 0.15527950310559005 0.21164021164021163
21 0.34205856255545697 0.2962962962962963 0.11623779946761313 0.24867724867724866