12 0.5630885122410546 0.38243064729194187 0.15819209039548024 0.1453104359313078
12 0.6939736346516008 0.4128137384412153 0.15819209039548024 0.1453104359313078
22 0.5207156308851224 0.559445178335535 0.147834274952919 0.15323645970937913
22 0.655367231638418 0.583223249669749 0.17231638418079095 0.16776750330250992
22 0.8220338983050848 0.6321003963011889 0.1864406779661017 0.19418758256274768
22 0.7810734463276836 0.8791281373844122 0.2024482109227872 0.18229854689564068
23 0.3182674199623352 0.4960369881109643 0.1120527306967985 0.10039630118890357
23 0.24670433145009416 0.47291941875825627 0.096045197740113 0.08982826948480846
7 0.060263653483992465 0.5178335535006605 0.0696798493408663 0.062087186261558784
11 0.3573446327683616 0.3480845442536328 0.11299435028248588 0.095112285336856
17 0.3808851224105461 0.18494055482166447 0.1120527306967985 0.13870541611624834
5 0.185969868173258 0.4537648612945839 0.08757062146892655 0.09379128137384413
18 0.24152542372881355 0.20277410832232498 0.08851224105461393 0.095112285336856
15 0.2871939736346516 0.32628797886393657 0.1007532956685499 0.07661822985468957
8 0.1120527306967985 0.5409511228533685 0.08097928436911488 0.059445178335535004
15 0.2132768361581921 0.3157199471598415 0.08662900188323917 0.06340819022457067