16 0.9167357083678542 0.7571001494768311 0.16652858326429162 0.2436472346786248
21 0.5302402651201326 0.30119581464872947 0.19635459817729908 0.16890881913303438
21 0.4175642087821044 0.30269058295964124 0.1300745650372825 0.13901345291479822
12 0.6288318144159072 0.07025411061285501 0.16487158243579123 0.14050822122571002
11 0.49130074565037285 0.07623318385650224 0.1507870753935377 0.15246636771300448
18 0.6367025683512841 0.35500747384155457 0.16652858326429162 0.13303437967115098
22 0.29494614747307374 0.09118086696562033 0.10687655343827672 0.11509715994020926
15 0.7978458989229494 0.07249626307922272 0.19386909693454846 0.14499252615844543
6 0.2551781275890638 0.6621823617339312 0.09527754763877382 0.11210762331838565
13 0.7667771333885667 0.9431988041853513 0.1996685998342999 0.11360239162929746
9 0.4908864954432477 0.8266068759342302 0.17729908864954433 0.21524663677130046
9 0.37821043910521956 0.8146487294469357 0.11433305716652858 0.16890881913303438
9 0.3380281690140845 0.7414050822122571 0.13338856669428334 0.13452914798206278
16 0.6354598177299089 0.6315396113602392 0.20132560066280034 0.17787742899850523
16 0.7779618889809445 0.6883408071748879 0.2104391052195526 0.273542600896861