9 0.07042253521126761 0.6015037593984962 0.12977867203219315 0.2575187969924812
9 0.3455734406438632 0.9107142857142857 0.13682092555331993 0.17857142857142858
0 0.3888329979879276 0.5798872180451128 0.1720321931589537 0.2349624060150376
18 0.4104627766599598 0.24530075187969924 0.14285714285714285 0.16541353383458646
4 0.7831991951710262 0.9125939849624061 0.14386317907444668 0.17481203007518797
22 0.4919517102615694 0.9201127819548872 0.12977867203219315 0.15977443609022557
13 0.12525150905432594 0.26597744360902253 0.1358148893360161 0.19360902255639098
16 0.05331991951710262 0.931390977443609 0.10663983903420524 0.13721804511278196
8 0.21830985915492956 0.5977443609022557 0.16398390342052313 0.19924812030075187
5 0.7535211267605634 0.6071428571428571 0.17303822937625754 0.18609022556390978
23 0.5769617706237424 0.6080827067669173 0.14587525150905434 0.17857142857142858
14 0.7067404426559356 0.26033834586466165 0.11167002012072434 0.14849624060150377