22 0.436951316839585 0.17137096774193547 0.19553072625698323 0.25
22 0.6061452513966481 0.17271505376344087 0.27773343974461295 0.22983870967741934
22 0.42936951316839583 0.7654569892473119 0.1931364724660814 0.17473118279569894
22 0.44373503591380686 0.5147849462365591 0.18834796488427774 0.18010752688172044
22 0.3232242617717478 0.6814516129032258 0.13567438148443736 0.12365591397849462
6 0.2996807661612131 0.1760752688172043 0.13886671987230648 0.17876344086021506
6 0.320830007980846 0.4576612903225806 0.15403032721468476 0.14650537634408603
5 0.3567438148443735 0.9522849462365591 0.1819632881085395 0.0913978494623656
5 0.17557861133280128 0.7849462365591398 0.1420590582601756 0.14919354838709678
5 0.22625698324022347 0.6169354838709677 0.13248204309656825 0.09005376344086022
5 0.23184357541899442 0.39852150537634407 0.15003990422984836 0.12634408602150538
5 0.20151636073423784 0.16733870967741934 0.10375099760574621 0.1922043010752688
22 0.6284916201117319 0.5625 0.2944932162809258 0.22043010752688172