19 0.7478991596638656 0.8601941747572815 0.3123249299719888 0.21165048543689322
19 0.1561624649859944 0.6922330097087379 0.24649859943977592 0.13009708737864079
14 0.09453781512605042 0.44854368932038835 0.17787114845938376 0.15728155339805824
14 0.16946778711484595 0.3407766990291262 0.1722689075630252 0.13398058252427184
4 0.33123249299719887 0.7611650485436893 0.08683473389355742 0.1378640776699029
4 0.5098039215686274 0.7961165048543689 0.18627450980392157 0.1533980582524272
14 0.2864145658263305 0.4640776699029126 0.15406162464985995 0.16116504854368932
22 0.8431372549019608 0.08932038834951456 0.19187675070028012 0.17475728155339806
5 0.7934173669467787 0.5524271844660195 0.2661064425770308 0.19029126213592232
23 0.12394957983193278 0.12330097087378641 0.15966386554621848 0.16310679611650486
23 0.34243697478991597 0.11747572815533981 0.11204481792717087 0.15145631067961166
22 0.5126050420168067 0.09223300970873786 0.1876750700280112 0.17475728155339806