21 0.768385864374403 0.23763955342902712 0.08500477554918816 0.11004784688995216
18 0.6709646609360076 0.23604465709728867 0.08978032473734479 0.12440191387559808
15 0.17717287488061126 0.24481658692185007 0.08882521489971347 0.11004784688995216
12 0.5692454632282713 0.24641148325358853 0.08882521489971347 0.09728867623604466
12 0.6977077363896849 0.4370015948963317 0.08882521489971347 0.10685805422647528
21 0.7908309455587392 0.43381180223285487 0.11461318051575932 0.11802232854864433
21 0.8872970391595033 0.4154704944178628 0.09933142311365807 0.1594896331738437
10 0.9159503342884432 0.6283891547049442 0.0964660936007641 0.11802232854864433
10 0.8180515759312321 0.6523125996810207 0.09455587392550144 0.09728867623604466
6 0.7125119388729704 0.6419457735247209 0.09264565425023878 0.10526315789473684
8 0.5936007640878701 0.6275917065390749 0.09933142311365807 0.15151515151515152
16 0.876313276026743 0.2527910685805423 0.07354345749761222 0.049441786283891544
5 0.3853868194842407 0.44417862838915473 0.09264565425023878 0.10207336523125997
23 0.5840496657115568 0.44258373205741625 0.08882521489971347 0.10526315789473684
23 0.4680038204393505 0.4569377990430622 0.05253104106972302 0.06379585326953748
23 0.5023877745940784 0.4449760765550239 0.05157593123209169 0.09888357256778309
4 0.2516714422158548 0.43620414673046254 0.05157593123209169 0.11164274322169059
4 0.2922636103151863 0.44417862838915473 0.04775549188156638 0.08771929824561403
1 0.16809933142311365 0.6323763955342903 0.10315186246418338 0.06539074960127592
14 0.38729703915950336 0.6052631578947368 0.09455587392550144 0.13875598086124402
7 0.49570200573065903 0.6483253588516746 0.09264565425023878 0.07974481658692185
19 0.27554918815663804 0.6100478468899522 0.09264565425023878 0.14832535885167464
11 0.27411652340019105 0.24800637958532695 0.08978032473734479 0.10366826156299841