21 0.7769385699899295 0.26535836177474403 0.09264853977844914 0.051194539249146756
10 0.41943605236656595 0.4598976109215017 0.34944612286002014 0.11774744027303755
10 0.45720040281973817 0.26621160409556316 0.10372608257804633 0.12457337883959044
10 0.5720040281973817 0.2696245733788396 0.11178247734138973 0.10238907849829351
10 0.3197381671701913 0.27474402730375425 0.12890231621349446 0.12798634812286688
10 0.6455186304128903 0.6228668941979523 0.16314199395770393 0.09385665529010238
21 0.6812688821752266 0.25341296928327645 0.1067472306143001 0.08703071672354949
11 0.34944612286002014 0.7098976109215017 0.14803625377643503 0.10580204778156997
16 0.7442094662638469 0.44795221843003413 0.06747230614300101 0.07849829351535836
16 0.8116817724068479 0.431740614334471 0.11278952668680765 0.07849829351535836
10 0.8821752265861027 0.5767918088737202 0.08962739174219536 0.059726962457337884
10 0.797079556898288 0.5861774744027304 0.08962739174219536 0.059726962457337884
18 0.6460221550855992 0.43686006825938567 0.13494461228600202 0.10409556313993173
3 0.03808660624370594 0.4731569965870307 0.06783484390735146 0.07843003412969284
3 0.0937361530715005 0.4719283276450512 0.04141993957703928 0.060546075085324225
3 0.16459214501510575 0.4716382252559727 0.10685800604229607 0.047013651877133106