7 0.4816132858837485 0.455078125 0.08540925266903915 0.078125
11 0.8772241992882562 0.1650390625 0.05931198102016608 0.130859375
18 0.8386714116251482 0.158203125 0.066429418742586 0.123046875
16 0.7384341637010676 0.326171875 0.0937129300118624 0.1328125
23 0.33629893238434166 0.29296875 0.07236061684460261 0.078125
15 0.6079478054567022 0.4970703125 0.07354685646500593 0.095703125
15 0.597864768683274 0.6337890625 0.09134045077105575 0.095703125
15 0.7176749703440095 0.5009765625 0.10201660735468565 0.10546875
15 0.6631079478054567 0.515625 0.10201660735468565 0.10546875
15 0.5421115065243179 0.46875 0.08896797153024912 0.1171875
15 0.5260972716488731 0.6162109375 0.07947805456702253 0.111328125
15 0.6880189798339265 0.671875 0.09608540925266904 0.103515625
12 0.7858837485172004 0.6865234375 0.10676156583629894 0.111328125
12 0.8884934756820878 0.716796875 0.1162514827995255 0.123046875
12 0.800711743772242 0.5126953125 0.11743772241992882 0.123046875
8 0.9086595492289442 0.564453125 0.08896797153024912 0.09375
9 0.9264531435349941 0.33984375 0.11387900355871886 0.130859375
11 0.6459074733096085 0.3125 0.099644128113879 0.119140625
5 0.42526690391459077 0.314453125 0.060498220640569395 0.0546875
23 0.37544483985765126 0.2998046875 0.06998813760379596 0.068359375
22 0.31198102016607354 0.4384765625 0.05812574139976275 0.072265625
6 0.4092526690391459 0.451171875 0.05931198102016608 0.06640625
3 0.2048517200474496 0.83798828125 0.4097034400948992 0.323359375
3 0.284282325029656 0.65806640625 0.26883748517200473 0.1752734375