10 0.7654370489174017 0.882800608828006 0.1090617481956696 0.2222222222222222
10 0.6471531676022454 0.7754946727549468 0.1339214113873296 0.1552511415525114
15 0.7858861267040899 0.3264840182648402 0.12830793905372895 0.1719939117199391
15 0.27425821972734565 0.2792998477929985 0.048115477145148355 0.0715372907153729
9 0.11066559743384122 0.3607305936073059 0.04891740176423416 0.0852359208523592
9 0.17121090617481957 0.3599695585996956 0.0673616680032077 0.0776255707762557
9 0.05693664795509222 0.3599695585996956 0.060144346431435444 0.0715372907153729
11 0.23616680032076984 0.2808219178082192 0.02967121090617482 0.0593607305936073
0 0.900962309542903 0.6757990867579908 0.19246190858059342 0.1643835616438356
17 0.09623095429029671 0.2450532724505327 0.02566158781074579 0.0989345509893455
17 0.15196471531676023 0.2534246575342466 0.02566158781074579 0.0943683409436834
17 0.21130713712910987 0.2617960426179604 0.022453889334402566 0.0821917808219178
18 0.18364073777064957 0.271689497716895 0.04971932638331997 0.0654490106544901
4 0.6166800320769847 0.3318112633181126 0.09302325581395349 0.1324200913242009
14 0.5313953488372093 0.500517503805175 0.0743223736968725 0.07164383561643836
14 0.5645549318364074 0.3584474885844749 0.03368083400160385 0.0593607305936073
7 0.570168404170008 0.3356164383561644 0.07939053728949479 0.106544901065449
22 0.35846030473135526 0.621765601217656 0.06976744186046512 0.0532724505327245
6 0.31756214915797915 0.4474885844748858 0.06255012028869286 0.0684931506849315
20 0.6058540497193264 0.7450532724505328 0.11146752205292702 0.1400304414003044
16 0.6615878107457899 0.3287671232876712 0.08981555733761026 0.1461187214611872
21 0.690056134723336 0.5418569254185692 0.11948676824378508 0.1308980213089802
21 0.8187650360866079 0.5974124809741248 0.12510024057738572 0.1643835616438356
21 0.714514835605453 0.8242009132420092 0.1467522052927025 0.1765601217656012
5 0.2185244587008821 0.6278538812785388 0.07538091419406576 0.0441400304414003
5 0.29029671210906177 0.624048706240487 0.06415396952686447 0.0365296803652968
23 0.06976744186046512 0.6438356164383562 0.07377706495589414 0.0639269406392694
23 0.14514835605453089 0.6445966514459666 0.06655974338412189 0.0517503805175038
19 0.541299117882919 0.7146118721461188 0.08580593424218123 0.1141552511415525
19 0.5076182838813151 0.6864535768645358 0.07457898957497995 0.1035007610350076
3 0.5820609462710505 0.5103196347031963 0.09104250200481155 0.11068493150684931