16 0.8223379629629629 0.49627791563275436 0.10648148148148148 0.11662531017369727
10 0.6597222222222222 0.337468982630273 0.09375 0.08684863523573201
21 0.3304398148148148 0.3548387096774194 0.1412037037037037 0.20347394540942929
21 0.4513888888888889 0.3424317617866005 0.13425925925925927 0.1761786600496278
21 0.37037037037037035 0.5992555831265509 0.15393518518518517 0.2655086848635236
11 0.5214120370370371 0.630272952853598 0.1284722222222222 0.10421836228287841
12 0.49537037037037035 0.5124069478908189 0.12037037037037036 0.15632754342431762
9 0.5555555555555556 0.31017369727047145 0.11921296296296297 0.1761786600496278
16 0.6307870370370371 0.5384615384615384 0.10185185185185185 0.18858560794044665
16 0.7239583333333334 0.4987593052109181 0.11574074074074074 0.18114143920595532
16 0.7337962962962963 0.2729528535980149 0.1087962962962963 0.16377171215880892
21 0.8269675925925926 0.2853598014888337 0.09027777777777778 0.11166253101736973
21 0.8859953703703703 0.43672456575682383 0.12731481481481483 0.19106699751861042
15 0.7274305555555556 0.15260545905707196 0.11342592592592593 0.06451612903225806
15 0.6383101851851852 0.16501240694789082 0.09259259259259259 0.07444168734491315
24 0.17418981481481483 0.5930521091811415 0.21412037037037038 0.4292803970223325
3 0.4027777777777778 0.1774193548387097 0.10598379629629628 0.10734491315136475
3 0.2997453703703704 0.1929032258064516 0.0794212962962963 0.1066501240694789