10 0.9027891714520099 0.24102564102564103 0.1944216570959803 0.12435897435897436
10 0.9019688269073011 0.639102564102564 0.19606234618539786 0.08974358974358974
10 0.751025430680886 0.4467948717948718 0.11648892534864644 0.09871794871794871
10 0.9011484823625923 0.4467948717948718 0.19770303527481542 0.10384615384615385
10 0.4782608695652174 0.6461538461538462 0.21575061525840852 0.09871794871794871
16 0.4782608695652174 0.441025641025641 0.2100082034454471 0.12051282051282051
21 0.7050861361771944 0.25 0.2247744052502051 0.09230769230769231
21 0.4827727645611157 0.25576923076923075 0.21575061525840852 0.1282051282051282
21 0.6956521739130435 0.6339743589743589 0.2165709598031173 0.09871794871794871
21 0.7206726825266612 0.8474358974358974 0.23789991796554552 0.11666666666666667
21 0.9130434782608695 0.85 0.17391304347826086 0.11794871794871795
22 0.2608695652173913 0.23717948717948717 0.2165709598031173 0.1423076923076923
22 0.22600492206726824 0.6352564102564102 0.1657095980311731 0.11153846153846154
22 0.33470057424118127 0.65 0.05086136177194422 0.05384615384615385
23 0.2649712879409352 0.4269230769230769 0.2124692370795734 0.12051282051282051
23 0.0734208367514356 0.43141025641025643 0.13945857260049221 0.09743589743589744
23 0.07957342083675144 0.6185897435897436 0.1542247744052502 0.12564102564102564
21 0.6443806398687448 0.441025641025641 0.11238720262510254 0.1