10 0.37142857142857144 0.16346153846153846 0.1377551020408163 0.16506410256410256
10 0.5892857142857143 0.3301282051282051 0.08775510204081632 0.16025641025641027
10 0.38877551020408163 0.041666666666666664 0.12346938775510204 0.08333333333333333
15 0.4173469387755102 0.31009615384615385 0.10918367346938776 0.1858974358974359
12 0.6040816326530613 0.7828525641025641 0.21122448979591837 0.18269230769230768
12 0.8673469387755102 0.6850961538461539 0.15510204081632653 0.15865384615384615
12 0.19693877551020408 0.8269230769230769 0.12448979591836734 0.17467948717948717
24 0.3816326530612245 0.5889423076923077 0.14183673469387756 0.27403846153846156
11 0.7540816326530613 0.7123397435897436 0.1653061224489796 0.1842948717948718
0 0.45255102040816325 0.4391025641025641 0.1540816326530612 0.1233974358974359
0 0.648469387755102 0.4254807692307692 0.14489795918367346 0.10737179487179487
17 0.1489795918367347 0.08413461538461539 0.07244897959183673 0.1266025641025641
17 0.4020408163265306 0.0889423076923077 0.05 0.1266025641025641
17 0.5142857142857142 0.08333333333333333 0.04081632653061224 0.15865384615384615
17 0.17653061224489797 0.3645833333333333 0.06836734693877551 0.29967948717948717
18 0.6770408163265306 0.33413461538461536 0.09897959183673469 0.23076923076923078
22 0.8367346938775511 0.3886217948717949 0.09387755102040816 0.05448717948717949
22 0.9637755102040816 0.3349358974358974 0.07244897959183673 0.125
16 0.5729591836734694 0.5961538461538461 0.17448979591836736 0.21153846153846154
16 0.7372448979591837 0.5576923076923077 0.19285714285714287 0.1971153846153846
21 0.4943877551020408 0.16346153846153846 0.12040816326530612 0.1842948717948718
21 0.28520408163265304 0.26121794871794873 0.16122448979591836 0.3557692307692308
21 0.40816326530612246 0.8814102564102564 0.1673469387755102 0.19391025641025642
21 0.5183673469387755 0.3389423076923077 0.1 0.20352564102564102
5 0.8841836734693878 0.5088141025641025 0.17857142857142858 0.1842948717948718
5 0.9525510204081633 0.6474358974358975 0.09387755102040816 0.16346153846153846
23 0.8091836734693878 0.17548076923076922 0.11632653061224489 0.13942307692307693
23 0.888265306122449 0.31330128205128205 0.12857142857142856 0.14903846153846154
23 0.9040816326530612 0.1762820512820513 0.07040816326530612 0.10737179487179487
3 0.7247653061224489 0.05184294871794872 0.3091326530612245 0.10368589743589744