10 0.31701244813278007 0.9201474201474201 0.587551867219917 0.1597051597051597
15 0.6190871369294606 0.30282555282555285 0.04979253112033195 0.07002457002457002
9 0.7331950207468879 0.4146191646191646 0.06556016597510374 0.06633906633906633
9 0.8547717842323651 0.41646191646191644 0.07883817427385892 0.06633906633906633
9 0.916597510373444 0.4226044226044226 0.06058091286307054 0.045454545454545456
9 0.7925311203319502 0.42444717444717445 0.05560165975103734 0.042997542997543
9 0.6734439834024897 0.4213759213759214 0.06390041493775933 0.05405405405405406
9 0.9680497925311203 0.42567567567567566 0.06390041493775933 0.044226044226044224
11 0.5531120331950208 0.30405405405405406 0.0979253112033195 0.07616707616707617
17 0.9672199170124481 0.2917690417690418 0.06390041493775933 0.11425061425061425
18 0.9257261410788382 0.3181818181818182 0.06556016597510374 0.056511056511056514
22 0.6307053941908713 0.7057739557739557 0.05892116182572614 0.06633906633906633
22 0.7311203319502074 0.7143734643734644 0.06058091286307054 0.0687960687960688
16 0.44066390041493775 0.4103194103194103 0.1020746887966805 0.08722358722358722
21 0.8037344398340249 0.9121621621621622 0.3925311203319502 0.17567567567567569
5 0.662655601659751 0.7131449631449631 0.06639004149377593 0.07002457002457002
23 0.7796680497925311 0.7211302211302212 0.06804979253112033 0.07862407862407862
23 0.8618257261410789 0.7143734643734644 0.12365145228215768 0.05528255528255528
23 0.9448132780082987 0.7106879606879607 0.1037344398340249 0.056511056511056514