9 0.1939655172413793 0.9177570093457944 0.25191570881226055 0.16448598130841122
9 0.05795019157088123 0.7177570093457943 0.11494252873563218 0.20934579439252338
9 0.03975095785440613 0.4289719626168224 0.07950191570881227 0.16261682242990655
9 0.032088122605363985 0.16261682242990655 0.06321839080459771 0.1233644859813084
11 0.6772030651340997 0.4953271028037383 0.07662835249042145 0.06542056074766354
17 0.3242337164750958 0.16261682242990655 0.15804597701149425 0.13457943925233645
17 0.467911877394636 0.15233644859813084 0.11302681992337164 0.14953271028037382
17 0.5723180076628352 0.15140186915887852 0.09674329501915709 0.13271028037383178
17 0.649904214559387 0.16822429906542055 0.07758620689655173 0.13271028037383178
17 0.7159961685823755 0.18411214953271027 0.05842911877394636 0.13271028037383178
17 0.7729885057471264 0.17570093457943925 0.05363984674329502 0.14579439252336449
18 0.5569923371647509 0.7700934579439253 0.1532567049808429 0.08037383177570094
21 0.7610153256704981 0.33271028037383177 0.06704980842911877 0.05420560747663551