13 0.7206333333333333 0.8296444444444444 0.5346166666666666 0.3172666666666667
13 0.2569666666666667 0.7636000000000001 0.5139333333333334 0.33377777777777773
13 0.8267333333333333 0.5224444444444444 0.3465333333333333 0.26497777777777776
13 0.4814333333333334 0.5329555555555556 0.33194999999999997 0.21166666666666667
13 0.15159999999999998 0.5024000000000001 0.3032166666666667 0.19186666666666669
13 0.6230166666666667 0.22257777777777776 0.2625166666666667 0.15097777777777777
13 0.4187666666666667 0.34197777777777777 0.3208166666666667 0.17284444444444444
13 0.8749166666666668 0.2137111111111111 0.25018333333333337 0.35575555555555555
13 0.13244999999999998 0.26084444444444443 0.26489999999999997 0.1131111111111111
13 0.14828333333333332 0.12417777777777779 0.28393333333333337 0.15093333333333334
13 0.5076166666666666 0.12088888888888888 0.39125 0.14824444444444443