24 0.20412844036697247 0.2021542330259849 0.40825688073394495 0.23051131601005867
24 0.5833333333333334 0.8860016764459346 0.6620795107033639 0.22464375523889354
24 0.6060091743119266 0.6144174350377201 0.4648318042813456 0.27829002514668905
24 0.39908256880733944 0.15213746856663873 0.290519877675841 0.19362950544844929
24 0.8876146788990825 0.5155071248952221 0.2217125382262997 0.2129086336965633
24 0.25688073394495414 0.413243922883487 0.382262996941896 0.17435037720033528
24 0.5858868501529052 0.3474434199497066 0.3440366972477064 0.16512992455993294
24 0.8340978593272171 0.7669740150880134 0.3287461773700306 0.2933780385582565
24 0.24694189602446484 0.7047108130762784 0.4938837920489297 0.2552808046940486
24 0.12844036697247707 0.06719195305951382 0.25688073394495414 0.0927745180217938
24 0.06024464831804281 0.4581223805532271 0.12047400611620795 0.14075440067057837