21 0.49027777777777776 0.7317581653926337 0.11574074074074074 0.0945100764419736
12 0.3725925925925926 0.734864489228631 0.11505555555555556 0.10134120917303684
12 0.24900925925925926 0.7331410701876303 0.12933333333333333 0.11036831132731063
12 0.4610462962962963 0.6023349548297429 0.1389537037037037 0.038630993745656705
15 0.8041111111111111 0.6596316886726894 0.05753703703703704 0.05362056984016678
15 0.9009907407407408 0.6465323141070187 0.05289814814814815 0.03393328700486449
11 0.7563611111111112 0.6656984016678249 0.06649999999999999 0.04863099374565671
9 0.5201111111111112 0.6522376650451703 0.0913425925925926 0.05578179291174427
9 0.5884537037037036 0.6541556636553162 0.06237037037037037 0.04683808200138986
9 0.6139907407407408 0.5997150799166088 0.14200000000000002 0.04067407922168172
9 0.1335648148148148 0.6924252953439889 0.14912037037037038 0.11613620569840168
9 0.03943518518518519 0.6942390548992355 0.07887037037037038 0.06943710910354413
9 0.027666666666666666 0.654808895066018 0.055324074074074074 0.04826963168867268
16 0.7173240740740741 0.7434329395413481 0.14339814814814816 0.08598332175121612
15 0.24364814814814814 0.5207435719249479 0.15506481481481482 0.07164002779708131
18 0.3383148148148148 0.5353787352328006 0.15393518518518517 0.08746351633078527
13 0.5581944444444444 0.545531619179986 0.24360185185185182 0.04583738707435719
24 0.4120740740740741 0.44901320361362057 0.18300925925925926 0.09513551077136902
24 0.2528796296296296 0.44943015983321755 0.16227777777777777 0.06905489923558027
23 0.6686666666666666 0.5309312022237666 0.07988888888888888 0.052063933287004864
3 0.7478796296296296 0.5466365531619181 0.09922222222222223 0.044822793606671296
3 0.8211666666666667 0.5820569840166783 0.1097962962962963 0.04068797776233495
10 0.9417962962962962 0.6319457956914524 0.08128703703703705 0.031695621959694234
23 0.17697222222222223 0.5209451007644197 0.1335 0.06174426685198054
23 0.05561111111111111 0.5224739402362752 0.10993518518518519 0.052751911049339816
12 0.029453703703703704 0.5775260597637247 0.058916666666666666 0.04443363446838082
10 0.10453703703703704 0.45802640722724114 0.09125 0.0459277275886032
21 0.1602962962962963 0.45546907574704654 0.07996296296296296 0.047268936761640026
21 0.06116666666666667 0.4611535788742182 0.09419444444444444 0.04829742876997915
24 0.5566018518518518 0.5252675469075747 0.11498148148148149 0.02425295343988881