23 0.4410363636363636 0.5268536251709987 0.14085454545454545 0.20760601915184676
3 0.3010454545454545 0.5233789329685362 0.13565454545454544 0.21108071135430917
5 0.0682909090909091 0.5361285909712723 0.13657272727272726 0.1779343365253078
14 0.1296 0.804391244870041 0.2591909090909091 0.25017783857729137
9 0.9429000000000001 0.5185909712722298 0.11420000000000001 0.18242134062927495
0 0.8457 0.5238030095759234 0.15586363636363634 0.17547195622435022
1 0.34693636363636365 0.2996853625170999 0.07504545454545454 0.12856361149110807
7 0.44363636363636366 0.8022161422708618 0.12641818181818182 0.24756497948016415
4 0.5746727272727272 0.8061285909712722 0.12872727272727272 0.24149110807113544
0 0.8260727272727272 0.7800683994528044 0.16740909090909092 0.21543091655266758
13 0.9303545454545454 0.7822435020519837 0.13929090909090908 0.2614637482900137
5 0.1947909090909091 0.5339261285909713 0.1352727272727273 0.17227086183310533