3 0.08496732026143791 0.90440097799511 0.16993464052287582 0.19119804400977997
22 0.8359477124183007 0.4308068459657701 0.3281045751633987 0.22787286063569684
22 0.8405228758169935 0.21711491442542788 0.31895424836601305 0.1545232273838631
23 0.557843137254902 0.22787286063569684 0.27254901960784317 0.1310513447432763
23 0.5598039215686275 0.45819070904645476 0.2869281045751634 0.17897310513447434
6 0.3062091503267974 0.4552567237163814 0.24901960784313726 0.16919315403422983
5 0.3349673202614379 0.2254278728606357 0.22287581699346407 0.13202933985330073
23 0.14052287581699346 0.2332518337408313 0.2797385620915033 0.10268948655256724
23 0.09575163398692811 0.454278728606357 0.19150326797385622 0.17310513447432763
8 0.6019607843137255 0.9141809290953544 0.17908496732026144 0.17163814180929096
22 0.8297385620915033 0.07286063569682152 0.3405228758169935 0.14572127139364305
23 0.5581699346405229 0.07872860635696823 0.24705882352941175 0.15550122249388754
5 0.3790849673202614 0.07921760391198043 0.17647058823529413 0.15843520782396087
23 0.17091503267973857 0.08312958435207823 0.2633986928104575 0.16625916870415647
5 0.4526143790849673 0.6889975550122249 0.2019607843137255 0.15745721271393645