22 0.8585069444444444 0.6921333333333333 0.2609930555555555 0.2916666666666667
24 0.049479166666666664 0.7412000000000001 0.09895833333333333 0.35833333333333334
13 0.6605902777777778 0.2050888888888889 0.6695625 0.24536666666666668
24 0.6024305555555556 0.06435555555555555 0.2708333333333333 0.1287
3 0.08015277777777778 0.39536666666666664 0.16029861111111113 0.33147777777777776
3 0.2526041666666667 0.5523111111111111 0.3362291666666667 0.26944444444444443
23 0.4192708333333333 0.6675888888888889 0.2204861111111111 0.22592222222222225
23 0.5925902777777778 0.6296333333333333 0.22569444444444445 0.15
21 0.24739583333333334 0.2842555555555556 0.19386805555555556 0.15925555555555557
16 0.5512152777777778 0.49213333333333337 0.2552083333333333 0.15833333333333333
21 0.9273750000000001 0.5476888888888889 0.14525694444444442 0.13055555555555556
14 0.4262152777777778 0.8958333333333334 0.3234930555555555 0.2046333333333333
6 0.6953125 0.7713 0.3304375 0.24074444444444443