4 0.505953125 0.8407708333333334 0.12351041666666666 0.11805555555555555
5 0.39918229166666663 0.37549305555555557 0.11234895833333333 0.13393055555555555
14 0.6357864583333334 0.39534027777777775 0.09449479166666667 0.12599305555555557
23 0.8935989583333334 0.375 0.14136979166666666 0.1150763888888889
19 0.11681770833333333 0.8249027777777778 0.224703125 0.09821527777777778
6 0.6961666666666667 0.09109722222222223 0.12250520833333334 0.1821875
6 0.8563697916666667 0.6247083333333333 0.12015104166666667 0.15627777777777777
20 0.9426145833333333 0.8229930555555555 0.11477083333333334 0.10994444444444444
19 0.7273854166666667 0.8253472222222222 0.117796875 0.0848125
3 0.14488541666666668 0.100625 0.24265625 0.10501388888888889
23 0.4582239583333333 0.101125 0.11661458333333334 0.10444444444444445
3 0.956453125 0.35988194444444443 0.08708854166666667 0.11779166666666667
23 0.9502708333333333 0.6092152777777777 0.09945833333333334 0.1547013888888889
14 0.3365989583333333 0.8279166666666667 0.20790625000000001 0.09580555555555556
14 0.842234375 0.8342013888888888 0.100125 0.09580555555555556
22 0.32688020833333337 0.09602083333333335 0.14253125000000003 0.13036111111111112