9 0.22390476190476188 0.6151122448979591 0.3522108843537415 0.20189285714285712
9 0.27956802721088436 0.43539285714285714 0.06100680272108844 0.14057142857142857
10 0.4040986394557823 0.3849183673469388 0.1918299319727891 0.16792857142857143
21 0.5984455782312925 0.3835 0.22453401360544217 0.17264795918367346
23 0.6095238095238096 0.835204081632653 0.454421768707483 0.3295918367346939
10 0.7870748299319728 0.37244897959183676 0.254421768707483 0.17959183673469387
16 0.1976190476190476 0.3790816326530612 0.20068027210884354 0.13163265306122449
12 0.07346938775510205 0.3704081632653061 0.1401360544217687 0.1469387755102041
15 0.02959183673469388 0.5576530612244898 0.05646258503401361 0.13979591836734695
0 0.5312925170068027 0.03010204081632653 0.07482993197278912 0.06020408163265306
22 0.7224489795918367 0.6260204081632653 0.1360544217687075 0.17653061224489797
18 0.9551020408163265 0.4010204081632653 0.08979591836734693 0.12244897959183673