4 0.15357142857142858 0.13876982426060866 0.30714285714285716 0.2775396485212173
3 0.23142857142857143 0.7629661380197171 0.2342857142857143 0.23360480068581227
22 0.4832142857142857 0.7543934847835405 0.32071428571428573 0.25932276039434204
23 0.6370171428571428 0.14388769824260608 0.14832285714285715 0.16657093870552936
4 0.39785714285714285 0.47471067295327907 0.11571428571428571 0.33004714959279896
1 0.06535714285714286 0.39969995713673384 0.13071428571428573 0.24646378054007714
6 0.9210714285714285 0.8117231033004715 0.15785714285714286 0.15109301328761252
19 0.07107142857142858 0.7688598371195885 0.14214285714285715 0.16180882983283326
5 0.9310714285714285 0.3605872267466781 0.13785714285714284 0.2496785255036434
23 0.7935285714285714 0.15165452207458208 0.15208285714285713 0.18627518216888125
23 0.93828 0.14814402057436776 0.12344000000000001 0.193300471495928