3 0.807900390625 0.6725651041666666 0.208935546875 0.18229166666666666
24 0.922294921875 0.6133854166666667 0.0826953125 0.172734375
23 0.203701171875 0.70453125 0.3566796875 0.13891927083333333
13 0.5424609375 0.693515625 0.318642578125 0.15950520833333334
15 0.57498046875 0.23080729166666666 0.103642578125 0.09703125
15 0.800185546875 0.21536458333333333 0.114111328125 0.08673177083333333
12 0.6838671875 0.23484375000000002 0.106396484375 0.06983072916666667
22 0.31009765625 0.341796875 0.186884765625 0.07497395833333333
10 0.402158203125 0.5553255208333333 0.11521484375 0.13744791666666667
21 0.500283203125 0.5527473958333333 0.10970703125 0.1411328125
21 0.67669921875 0.3050390625 0.1218359375 0.11173177083333334
10 0.80458984375 0.3017317708333333 0.120732421875 0.09776041666666667
19 0.81671875 0.5211458333333333 0.135068359375 0.120546875
23 0.05650390625 0.5917057291666666 0.1130078125 0.0999609375
5 0.2801171875 0.263515625 0.074970703125 0.06688802083333333
6 0.401396484375 0.2565234375 0.048515625 0.06908854166666667
9 0.357294921875 0.21794270833333332 0.169794921875 0.0404296875
11 0.48546875 0.18376302083333332 0.074423828125 0.088203125
16 0.746220703125 0.16942708333333334 0.2199609375 0.06541666666666666
23 0.479677734375 0.8813151041666667 0.18853515625 0.07055989583333333