21 0.40246110325318246 0.7692079207920792 0.21977369165487975 0.34536067892503536
10 0.048005657708628004 0.7698868458274398 0.096006600660066 0.29758132956152755
6 0.09714757190004715 0.4340876944837341 0.17882131070249882 0.2347878359264498
7 0.15356907119283358 0.22557284299858557 0.166991984912777 0.15493635077793494
4 0.44090994813767087 0.2085148514851485 0.14196605374823199 0.16858557284299858
9 0.5960726072607261 0.2085148514851485 0.14924563884959924 0.16722065063649222
10 0.45865629420084864 0.059377652050919376 0.12467703913248468 0.11876237623762377
9 0.7155917020273456 0.060898161244695895 0.14954266855256954 0.1217892503536068
5 0.842008486562942 0.7600424328147101 0.23381895332390382 0.34841584158415845
4 0.9678972182932578 0.7357637906647807 0.06420556341348421 0.27673267326732676
22 0.7759735973597359 0.3383946251768034 0.1993917963224894 0.4085431400282885
21 0.8967421027817067 0.2115912305516266 0.16958510136727958 0.1718953323903819
10 0.972008486562942 0.2035007072135785 0.05598302687411598 0.1372065063649222
18 0.08210749646393212 0.09268741159830268 0.10419613389910419 0.03550919377652051
18 0.10718057520037719 0.0383026874115983 0.09767090994813767 0.04082036775106082