23 0.84 0.7995166666666667 0.32 0.40098333333333336
5 0.90654 0.5749666666666667 0.18691 0.3192833333333333
22 0.5758300000000001 0.31865 0.26279 0.30916666666666665
14 0.30587000000000003 0.37598333333333334 0.16353 0.23235
14 0.18881 0.3063666666666667 0.12941 0.23431666666666667
6 0.39205 0.2730333333333333 0.13588 0.24803333333333333
3 0.26027999999999996 0.8941166666666667 0.30882 0.21176666666666666
9 0.16646 0.03431666666666667 0.08706 0.06863333333333334
10 0.08617 0.16813333333333333 0.17118 0.24803333333333333
7 0.03352 0.41714999999999997 0.06705 0.13235
1 0.05558 0.6147 0.11 0.13921666666666666
14 0.5261699999999999 0.5647 0.15118 0.23333333333333334
4 0.3947 0.5186333333333334 0.15765 0.1980333333333333
22 0.72504 0.44365 0.25718 0.27215