0 0.39449 0.5215599999999999 0.15803999999999999 0.13359000000000001
11 0.25555 0.50929 0.13856 0.15091
16 0.70014 0.32883999999999997 0.19778 0.14944
16 0.08194 0.32848 0.16388 0.15161000000000002
21 0.31257 0.33532999999999996 0.2064 0.14078
3 0.29164 0.6879299999999999 0.24248 0.16305
19 0.07509 0.68937 0.15017 0.16449
3 0.93525 0.68577 0.1295 0.16465000000000002
11 0.90144 0.5185299999999999 0.11386 0.12233
0 0.97025 0.51073 0.05949 0.11771
21 0.93778 0.33532999999999996 0.12445 0.13356
16 0.68138 0.13468 0.17607 0.1364
16 0.091 0.14117 0.13859 0.14361000000000002
21 0.33458 0.13034 0.18258000000000002 0.13351
21 0.9278500000000001 0.12854 0.14214 0.12557
15 0.50419 0.32343 0.19845 0.12987
15 0.50636 0.11988 0.16958 0.12557
19 0.70388 0.6910599999999999 0.28881999999999997 0.15875999999999998
23 0.60861 0.51509 0.08066 0.11059000000000001
5 0.52792 0.5188200000000001 0.10235999999999999 0.13432