9 0.1962583333333333 0.8287259259259259 0.22929166666666664 0.2989777777777778
18 0.12510833333333332 0.6390222222222222 0.094725 0.23445925925925926
18 0.20553333333333332 0.5334814814814816 0.04368333333333334 0.05228148148148148
21 0.07775 0.46339259259259263 0.11599166666666666 0.10454814814814814
16 0.19025833333333333 0.41733333333333333 0.10515833333333333 0.16365925925925925
14 0.22138333333333335 0.24616296296296294 0.06610833333333334 0.13477037037037037
19 0.281125 0.2630074074074074 0.058758333333333336 0.12995555555555555
3 0.38435833333333336 0.18531851851851852 0.17784166666666668 0.16432592592592593
24 0.47600000000000003 0.4199111111111111 0.16275833333333334 0.18703703703703703
10 0.041 0.2605925925925926 0.082 0.10451851851851851
3 0.3822333333333333 0.06847407407407408 0.12873333333333334 0.10383703703703705
21 0.07349166666666666 0.07844444444444446 0.12604166666666666 0.06327407407407408
10 0.2934666666666667 0.3863111111111111 0.092875 0.11322962962962964
24 0.8289 0.33167407407407407 0.12658333333333333 0.21647407407407407
24 0.8643416666666667 0.4411851851851852 0.183775 0.15042962962962964
13 0.6911083333333333 0.3138962962962963 0.1404 0.1390074074074074
0 0.929525 0.22451851851851853 0.08058333333333334 0.06085925925925926
0 0.9227583333333332 0.22084444444444443 0.09920000000000001 0.0713037037037037
11 0.9590666666666667 0.32297777777777775 0.08186666666666666 0.11912592592592593
12 0.955025 0.5971851851851853 0.06693333333333333 0.10091851851851852
15 0.8653166666666667 0.5767703703703704 0.12805 0.15392592592592594
15 0.7526333333333333 0.44770370370370366 0.10116666666666667 0.18607407407407406
15 0.7074166666666667 0.10917037037037036 0.08699166666666666 0.07044444444444443
9 0.9820416666666667 0.5428740740740741 0.035916666666666666 0.10179259259259259
10 0.9749500000000001 0.43945185185185187 0.050091666666666666 0.1122074074074074
19 0.4571 0.2881777777777778 0.08755833333333332 0.07927407407407407
3 0.6751166666666667 0.2260148148148148 0.09289166666666666 0.1517185185185185