24 0.37291015625 0.24446614583333334 0.1466796875 0.13911458333333335
17 0.165966796875 0.21141927083333334 0.269951171875 0.20705729166666667
23 0.17912109375 0.4680859375 0.1537109375 0.17774739583333332
15 0.329345703125 0.6980729166666667 0.14703125 0.1804296875
15 0.436259765625 0.6592708333333334 0.137734375 0.14048177083333332
0 0.685634765625 0.23319010416666666 0.094423828125 0.11588541666666667
18 0.475595703125 0.43240885416666663 0.125 0.1351953125
18 0.570556640625 0.4180989583333334 0.10783203125 0.12375000000000001
12 0.546708984375 0.6259244791666666 0.13416015625 0.1373046875
21 0.67865234375 0.4116666666666667 0.1512890625 0.1123046875
10 0.528974609375 0.9384895833333333 0.09763671875 0.10729166666666667
11 0.8554296875 0.5400651041666666 0.1228515625 0.0987109375
23 0.349111328125 0.44170572916666667 0.1396484375 0.1544140625
12 0.62228515625 0.605 0.120634765625 0.10976562499999999
21 0.647880859375 0.8879557291666668 0.148583984375 0.13829427083333332
10 0.80931640625 0.8173567708333334 0.17705078125 0.12733072916666668