24 0.9542416666666665 0.09814444444444444 0.07006666666666667 0.10176666666666667
24 0.9221333333333332 0.24412222222222224 0.10426666666666667 0.1457
17 0.643325 0.19017777777777778 0.20144166666666666 0.21464444444444444
16 0.8802166666666666 0.6973333333333334 0.14221666666666666 0.13234444444444443
16 0.7853333333333333 0.5708222222222222 0.13095833333333334 0.10954444444444444
16 0.13263333333333333 0.40332222222222225 0.21673333333333333 0.3169222222222222
16 0.314625 0.3717 0.17702500000000002 0.2639777777777778
13 0.4034083333333333 0.18639999999999998 0.32040833333333335 0.17867777777777777
20 0.7003833333333334 0.04044444444444444 0.10919166666666667 0.08088888888888889
10 0.8417416666666667 0.3424555555555555 0.12815000000000001 0.0951
10 0.92775 0.42913333333333337 0.14450000000000002 0.07655555555555556
21 0.7322166666666666 0.3342888888888889 0.08516666666666667 0.0774
21 0.7969666666666667 0.41594444444444445 0.079425 0.10462222222222221
13 0.11656666666666667 0.2165 0.23188333333333333 0.13713333333333333
13 0.18871666666666667 0.08767777777777777 0.10129166666666667 0.11468888888888888