2 0.382705078125 0.236875 0.139833984375 0.115185546875
20 0.271923828125 0.259248046875 0.085947265625 0.07044921875
14 0.105927734375 0.41533203125 0.18765625 0.054931640625
7 0.499296875 0.405595703125 0.170830078125 0.0383984375
3 0.1806640625 0.6027734375 0.17533203125 0.122373046875
19 0.927080078125 0.6912890625 0.145849609375 0.15962890625
19 0.493994140625 0.767666015625 0.00685546875 0.0121875
19 0.761435546875 0.65109375 0.200390625 0.1310546875
19 0.590947265625 0.63033203125 0.203818359375 0.123056640625
8 0.499248046875 0.2373828125 0.13263671875 0.078095703125
22 0.6092578125 0.44361328125 0.147509765625 0.078408203125
22 0.7641015625 0.4575390625 0.16392578125 0.0630859375
22 0.927880859375 0.452958984375 0.144228515625 0.077646484375
3 0.299951171875 0.61498046875 0.182353515625 0.146474609375
14 0.186298828125 0.41908203125 0.116630859375 0.057724609375
14 0.31619140625 0.423251953125 0.15107421875 0.064619140625