24 0.3045703125 0.13452054794520546 0.156826171875 0.10732115677321158
13 0.179091796875 0.16135464231354643 0.091484375 0.06996955859969559
5 0.204580078125 0.45913242009132416 0.11021484375 0.1141400304414003
23 0.3200390625 0.4733942161339421 0.10759765625 0.10054794520547945
22 0.095224609375 0.6859360730593608 0.111962890625 0.08971080669710807
22 0.307841796875 0.8801674277016742 0.102373046875 0.13182648401826483
6 0.1934765625 0.8791476407914764 0.098447265625 0.13657534246575342
23 0.306533203125 0.6767732115677321 0.108466796875 0.10123287671232878
0 0.45662109375 0.28359208523592083 0.11935546875 0.12296803652968037
13 0.448779296875 0.14770167427701675 0.09728515625 0.08030441400304414
11 0.680947265625 0.25630136986301366 0.105302734375 0.09135464231354642
18 0.565927734375 0.26514459665144596 0.096337890625 0.04423135464231354
11 0.839013671875 0.8897564687975648 0.087236328125 0.11025875190258752
10 0.82431640625 0.4761339421613394 0.091025390625 0.08579908675799086
12 0.911572265625 0.46505327245053274 0.10904296875 0.09022831050228311