4 0.8489453125 0.68904296875 0.21564453125 0.16576171875
1 0.8387109375 0.449228515625 0.21203125 0.10185546875
22 0.6212109375 0.4483203125 0.17234375 0.0903515625
22 0.436552734375 0.443203125 0.146435546875 0.093369140625
22 0.28623046875 0.430849609375 0.13498046875 0.0903515625
14 0.11421875 0.45404296875 0.106650390625 0.040341796875
19 0.264833984375 0.625166015625 0.195791015625 0.11021484375
19 0.43625 0.65107421875 0.19638671875 0.14154296875
19 0.615185546875 0.69294921875 0.17716796875 0.149365234375
3 0.04671875 0.59203125 0.0934375 0.1115234375
2 0.065390625 0.239267578125 0.13078125 0.12294921875
8 0.178984375 0.236845703125 0.1385546875 0.06986328125
7 0.143916015625 0.41255859375 0.10291015625 0.03994140625