5 0.5355916666666667 0.41301745635910225 0.2574083333333333 0.19960099750623442
23 0.3451416666666667 0.44258104738154613 0.19135833333333332 0.19037406483790525
9 0.17815 0.3737655860349127 0.23395833333333332 0.2522568578553616
23 0.8069166666666666 0.35665835411471325 0.2296166666666667 0.27892768079800495
22 0.9590333333333333 0.32619700748129676 0.08193333333333333 0.31600997506234413
23 0.5899249999999999 0.21948877805486283 0.16233333333333333 0.15432668329177057
16 0.2368 0.10448877805486284 0.28335 0.17556109725685787
16 0.45441666666666664 0.07486284289276808 0.133325 0.14972568578553616
15 0.6315916666666667 0.07763092269326682 0.16294999999999998 0.15526184538653365
11 0.81155 0.028678304239401497 0.16479166666666667 0.05734413965087282
15 0.9451416666666668 0.05915211970074813 0.10971666666666667 0.11830423940149626
17 0.0732 0.0573067331670823 0.0994 0.11462593516209477
17 0.20592500000000002 0.02635910224438903 0.16234166666666666 0.05271820448877806
21 0.64085 0.7905860349127182 0.2296166666666667 0.4188403990024938
10 0.45965833333333334 0.7908229426433915 0.235175 0.3712718204488778
21 0.22814999999999996 0.7732668329177057 0.371 0.3250872817955113
21 0.8890750000000001 0.8513840399002494 0.22184166666666666 0.29723192019950123