0 0.08083333333333334 0.11232820512820513 0.16166666666666668 0.10896410256410256
0 0.2584548611111111 0.11653333333333334 0.1946875 0.11535384615384615
0 0.5117708333333333 0.11687179487179487 0.3051215277777778 0.11871794871794872
0 0.8485763888888889 0.11904615384615384 0.3028472222222222 0.10512820512820513
22 0.40270833333333333 0.6030461538461539 0.21503472222222222 0.20818461538461538
11 0.8779861111111111 0.6021641025641026 0.22348958333333332 0.2049948717948718
15 0.875625 0.8608102564102563 0.22296875000000002 0.22942564102564103
12 0.6285416666666667 0.8633025641025641 0.2244965277777778 0.24214358974358974
12 0.14314236111111112 0.8549948717948718 0.22175347222222222 0.2311897435897436
10 0.864375 0.36848205128205125 0.20871527777777776 0.18454358974358975
16 0.4047222222222222 0.3832820512820513 0.21489583333333334 0.15574358974358973
15 0.4126215277777778 0.19853333333333334 0.19223958333333335 0.08964102564102565
15 0.8578472222222222 0.20543589743589744 0.1984201388888889 0.07908717948717948
15 0.3879861111111111 0.8580512820512821 0.20977430555555554 0.2277846153846154
12 0.16255208333333332 0.6043999999999999 0.20921875 0.19885128205128205
22 0.6346875 0.6044717948717949 0.21696180555555555 0.21236923076923078