4 0.55392 0.7462975778546713 0.11579 0.2004152249134948
19 0.8375900000000001 0.751522491349481 0.25995 0.17306228373702423
19 0.7888099999999999 0.5838062283737024 0.18339 0.08546712802768165
4 0.54599 0.5904844290657439 0.09355 0.09667820069204153
14 0.14802 0.7375259515570934 0.24783000000000002 0.1935121107266436
19 0.31860000000000005 0.7452076124567474 0.1144 0.20008650519031143
19 0.34667000000000003 0.5826643598615916 0.08443 0.0854152249134948
14 0.20608 0.5815570934256055 0.17228 0.10368512110726644
2 0.19916999999999999 0.32512110726643595 0.10026 0.1323356401384083
2 0.24005 0.1807266435986159 0.09068999999999999 0.179878892733564
14 0.84663 0.17555363321799308 0.08496 0.13624567474048443
14 0.9052 0.3530622837370242 0.06266 0.04394463667820069