0 0.2532 0.2434875 0.07625833333333333 0.0494125
0 0.47419999999999995 0.16852499999999998 0.14585 0.1249375
17 0.380175 0.16436250000000002 0.045899999999999996 0.1510375
17 0.5648916666666667 0.08828749999999999 0.05700833333333333 0.15213749999999998
17 0.7286916666666666 0.0696875 0.053675 0.139375
11 0.7483083333333334 0.16991250000000002 0.14325833333333332 0.09106249999999999
24 0.8937916666666667 0.1074375 0.11069166666666667 0.123825
0 0.7909833333333333 0.074325 0.04704166666666667 0.09394999999999999
0 0.8585083333333333 0.047375 0.047308333333333334 0.09475
0 0.9405666666666668 0.040237499999999995 0.052324999999999997 0.08047499999999999
19 0.7997833333333333 0.8579375 0.400425 0.21045000000000003
23 0.7173166666666666 0.6145 0.15207500000000002 0.1331
5 0.3071083333333333 0.6138125 0.11371666666666667 0.1153125
5 0.5575583333333334 0.6126125 0.14775000000000002 0.13092499999999999
15 0.24816666666666667 0.43398749999999997 0.10714166666666666 0.11581250000000001
2 0.125525 0.6108125 0.050050000000000004 0.0852875
4 0.05765833333333333 0.6393375 0.05525833333333333 0.037837499999999996
14 0.5341333333333333 0.8039000000000001 0.16416666666666666 0.123125
21 0.20320833333333332 0.3067875 0.11474999999999999 0.08779999999999999
10 0.283725 0.2939 0.11044999999999999 0.07490000000000001
17 0.09309166666666666 0.2735625 0.053241666666666666 0.1076375
0 0.6278416666666666 0.1158 0.057025000000000006 0.08635
8 0.7319416666666667 0.37847499999999995 0.1544 0.10813750000000001
3 0.027441666666666666 0.6117 0.05487499999999999 0.0758625
10 0.15789999999999998 0.4781375 0.07585833333333333 0.0508375
22 0.589375 0.20254999999999998 0.12858333333333336 0.09845000000000001
23 0.9100583333333333 0.3794625 0.17831666666666665 0.091525
23 0.8901333333333334 0.6095 0.187725 0.17559999999999998
6 0.19635 0.7867875 0.09523333333333334 0.0857625