22 0.3218484555984556 0.2756276686592656 0.2771814671814672 0.16843723313407344
3 0.429261583011583 0.16257899231426132 0.07763030888030888 0.06665243381725021
22 0.04479729729729729 0.2121263877028181 0.07941119691119691 0.15132365499573014
22 0.13960907335907335 0.17384286934244236 0.10308397683397684 0.10719043552519214
23 0.030033783783783782 0.3422801024765158 0.039705598455598456 0.09818104184457728
23 0.11033783783783783 0.30534585824081983 0.1361727799227799 0.16483347566182752
23 0.08577702702702703 0.45306575576430397 0.14915057915057917 0.12610589239965841
6 0.232253861003861 0.4454141759180188 0.13922779922779924 0.16754056362083689
6 0.34424710424710425 0.4672587532023911 0.06694015444015443 0.11304013663535441
5 0.028885135135135135 0.5629632792485055 0.05777509652509652 0.13601195559350984
5 0.0973503861003861 0.5618360375747224 0.07253861003861005 0.1328608027327071
23 0.4113079150579151 0.4555935098206661 0.07333011583011582 0.13651579846285228
23 0.5216891891891892 0.4713151152860802 0.1557287644787645 0.1719726729291204
23 0.761534749034749 0.49539709649871905 0.3042760617760618 0.11980358667805294
23 0.6742133204633205 0.34923142613151154 0.1629054054054054 0.14854824935952177
5 0.5455019305019305 0.5729888983774551 0.07332046332046331 0.1224935952177626
5 0.4606418918918919 0.5719812126387702 0.06538610038610038 0.1271733561058924
5 0.6307432432432433 0.5877028181041845 0.07369691119691119 0.10108454312553374
5 0.7148503861003861 0.5696413321947054 0.08087355212355211 0.15192143467122118
5 0.8091650579150579 0.5716481639624252 0.07444498069498069 0.1264987190435525
23 0.8923262548262548 0.616464560204953 0.09636583011583011 0.12650725875320237
5 0.9702702702702704 0.5395388556789069 0.05946428571428571 0.11847139197267292
23 0.8353185328185329 0.33685738684884714 0.15458494208494208 0.14520068317677198
23 0.7969498069498069 0.1953800170794193 0.1375772200772201 0.11374039282664389
3 0.6236341698841699 0.13417591801878737 0.06840733590733591 0.055533731853117
23 0.7071718146718147 0.21143467122117848 0.044213320463320466 0.05487617421007686