0 0.629925 0.48861965491372844 0.053924999999999994 0.07147036759189797
0 0.7253 0.5148087021755439 0.14242 0.13654913728432108
14 0.603835 0.7269542385596399 0.102585 0.15771942985746437
14 0.705025 0.7610802700675169 0.09694 0.10852213053263315
4 0.43054000000000003 0.670345086271568 0.078265 0.09422355588897224
19 0.295675 0.6748387096774193 0.16536 0.10533383345836458
21 0.27963 0.49469617404351085 0.07404000000000001 0.06880720180045011
10 0.316475 0.3486796699174794 0.09625 0.10472618154538635
10 0.39246 0.3412678169542386 0.101535 0.11108027006751688
11 0.47073000000000004 0.35502625656414105 0.098005 0.0941410352588147
15 0.55359 0.35264816204051014 0.093065 0.10948987246811702
11 0.515865 0.24102025506376593 0.07403 0.07351837959489872
10 0.43759 0.24207801950487623 0.07756 0.0703450862715679
10 0.36143000000000003 0.23837209302325582 0.076855 0.06928732183045762
15 0.586735 0.23731432858214552 0.081785 0.07774943735933984
3 0.50881 0.7142460615153788 0.0973 0.11527381845461365
12 0.526375 0.5222955738934734 0.10436 0.08124531132783196
12 0.43771499999999997 0.5149287321830457 0.106545 0.07906976744186046