9 0.1235763888888889 0.4758984375 0.13128472222222223 0.2766796875
0 0.33171875 0.1661328125 0.10776041666666666 0.08251302083333333
24 0.7346354166666667 0.5014453125 0.0874826388888889 0.10643229166666666
5 0.15051215277777777 0.7054557291666667 0.13308159722222224 0.17157552083333336
5 0.4098350694444444 0.6604166666666667 0.36671875 0.18567708333333333
23 0.3775954861111111 0.896484375 0.48743055555555553 0.20701822916666668
23 0.6771267361111111 0.8819921875 0.12582465277777777 0.1853125
17 0.6065972222222222 0.12001302083333333 0.1945486111111111 0.1855989583333333
10 0.4828993055555555 0.111328125 0.16272569444444446 0.18993489583333334
21 0.36607638888888894 0.072265625 0.11137152777777778 0.13567708333333334
15 0.13712673611111112 0.08414062500000001 0.2683506944444444 0.16828125000000002
11 0.30061631944444445 0.07606770833333333 0.12078124999999999 0.151953125
7 0.6959288194444445 0.6305729166666666 0.07374131944444445 0.1476953125
0 0.6405902777777778 0.6370833333333333 0.06434027777777779 0.1281640625
16 0.38452256944444446 0.4819140625 0.2770225694444444 0.18455729166666668
18 0.07854166666666668 0.3039453125 0.15696180555555556 0.15415364583333332
22 0.8243315972222223 0.5866276041666666 0.09761284722222223 0.18132812499999998
22 0.7527170138888889 0.6284114583333333 0.09327256944444445 0.1563671875
12 0.7755034722222223 0.7526562499999999 0.12582465277777777 0.12709635416666668
12 0.9122222222222223 0.78140625 0.13170138888888888 0.16046875
18 0.39175347222222223 0.3451822916666667 0.09039930555555556 0.13462239583333332
3 0.6503559027777778 0.2551171875 0.11136284722222221 0.14546875
10 0.7950347222222223 0.20953124999999997 0.19815972222222222 0.12158854166666666
21 0.9205381944444445 0.24100260416666666 0.06433159722222222 0.08686197916666666
10 0.9704513888888889 0.2453515625 0.055651041666666665 0.10639322916666666
9 0.2288454861111111 0.4766666666666666 0.08828993055555555 0.2572786458333333
12 0.8092100694444445 0.33446614583333334 0.13233506944444443 0.14153645833333334
11 0.8746788194444445 0.3216015625 0.08602430555555556 0.097109375
11 0.597421875 0.48666666666666664 0.11046875 0.12942708333333333
12 0.6483680555555555 0.569375 0.12028645833333333 0.05953125