23 0.117875 0.6751733833177131 0.23575 0.29882849109653237
6 0.30933125 0.718622305529522 0.33008125 0.3835988753514527
3 0.42305 0.43668228678537957 0.25036875 0.2103373945641987
3 0.1098875 0.31402999062792875 0.21833124999999998 0.2313870665417057
19 0.06479375 0.09366447985004686 0.12958125 0.18732895970009372
23 0.1833375 0.10268041237113402 0.16758125 0.20535145267104032
23 0.76091875 0.18027179006560448 0.2703875 0.36054358013120896
6 0.93539375 0.22233364573570757 0.1292125 0.44465791940018745
23 0.7034937499999999 0.9708997188378632 0.14485625000000002 0.05294283036551078
23 0.7559125 0.9003092783505154 0.1709 0.1603373945641987
23 0.7786124999999999 0.772136832239925 0.09210625 0.1162605435801312
23 0.90548125 0.7220618556701032 0.18558125 0.13227741330834114
23 0.92838125 0.9035613870665418 0.14323750000000002 0.1928772258669166