14 0.14075833333333332 0.42734228187919465 0.27905833333333335 0.22255033557046983
14 0.309925 0.4499060402684564 0.15373333333333333 0.11806711409395973
14 0.3853916666666667 0.3712214765100671 0.18615833333333331 0.16836241610738256
5 0.3493583333333333 0.6343624161073825 0.22619999999999998 0.2819060402684564
22 0.5093083333333333 0.5547114093959732 0.2386 0.313503355704698
22 0.6624500000000001 0.4740939597315436 0.161325 0.22319463087248323
14 0.67035 0.8882147651006712 0.44028333333333336 0.22357046979865772
23 0.8798083333333333 0.8436510067114094 0.17875 0.17534228187919462
20 0.796825 0.7609261744966442 0.09295833333333334 0.0765771812080537
2 0.65525 0.27723489932885903 0.11181666666666668 0.21601342281879196
2 0.72985 0.272496644295302 0.118925 0.19561073825503356
3 0.6566416666666667 0.14386577181208055 0.049725 0.06869798657718121
3 0.7941083333333333 0.1943758389261745 0.07196666666666666 0.10503355704697986
6 0.8162 0.45387919463087245 0.07968333333333334 0.11449664429530201
14 0.9485583333333333 0.7054899328859061 0.10288333333333333 0.07134228187919463
3 0.8702416666666667 0.20334228187919465 0.05731666666666667 0.08076510067114094
5 0.5047416666666668 0.30671140939597313 0.14698333333333333 0.09648322147651006
13 0.4560833333333333 0.19487248322147652 0.0741 0.10236241610738256