22 0.36834375 0.19599166666666668 0.18629375 0.11046666666666667
16 0.67453125 0.36073333333333335 0.18961875 0.08911666666666666
9 0.47285625000000003 0.356725 0.18428750000000002 0.11315833333333333
16 0.28386875 0.36251666666666665 0.16826875000000002 0.0909
21 0.8745375 0.3740916666666667 0.17158125 0.08021666666666667
21 0.10255625 0.36785833333333334 0.15158125 0.07665000000000001
23 0.47285625000000003 0.06064166666666666 0.18428750000000002 0.089075
22 0.77269375 0.18575 0.19228750000000003 0.14340833333333333
16 0.9397875 0.525475 0.120425 0.09269999999999999
14 0.8558374999999999 0.6505833333333334 0.167575 0.10964166666666667
11 0.66951875 0.65415 0.16891874999999998 0.097175
11 0.2958875 0.6385666666666666 0.1642625 0.09984166666666666
14 0.130275 0.6381166666666667 0.14556875 0.08648333333333333
16 0.05345 0.5023083333333334 0.10690625000000001 0.09074166666666666
6 0.7666875000000001 0.5014333333333334 0.174925 0.11763333333333333
6 0.20239374999999998 0.4885166666666667 0.14957499999999999 0.10605833333333332
16 0.92843125 0.7961833333333334 0.1431375 0.09808333333333334
16 0.059131249999999996 0.7623416666666666 0.11825625000000001 0.089175
23 0.128075 0.07415833333333333 0.0874875 0.07149166666666668
23 0.82471875 0.05968333333333334 0.09638125 0.06978333333333332
23 0.27270625 0.05968333333333334 0.17111249999999997 0.08170833333333333
23 0.6717875 0.0533 0.191525 0.07064166666666666
23 0.3852875 0.5079583333333333 0.172225 0.101275
23 0.57678125 0.5066999999999999 0.1684375 0.09775
18 0.222825 0.7697333333333333 0.1404125 0.10749166666666668
18 0.7417625 0.7952416666666666 0.14489375000000002 0.1021
15 0.56578125 0.7859333333333334 0.16200625 0.08695
15 0.389575 0.776925 0.1660625 0.09055833333333334
23 0.48139375 0.6689083333333333 0.17325625 0.089475