18 0.1057578125 0.66003125 0.1793671875 0.14652083333333332
18 0.15399218750000002 0.5192395833333333 0.14625 0.09004166666666666
18 0.885078125 0.52790625 0.129515625 0.10470833333333333
18 0.8358515625 0.46382291666666664 0.10704687500000001 0.06010416666666667
16 0.6446875000000001 0.5351458333333333 0.1506484375 0.10209375000000001
23 0.288375 0.4776666666666667 0.09439062499999999 0.11983333333333333
12 0.9372109375000001 0.6574375 0.125578125 0.08275
17 0.45792968749999996 0.36734374999999997 0.078859375 0.17384375
17 0.509140625 0.4306770833333333 0.0371328125 0.096375
17 0.541953125 0.3545729166666666 0.0652578125 0.10895833333333332
17 0.5920625 0.41101041666666666 0.049921875 0.109125
17 0.635546875 0.38461458333333337 0.03465625 0.09674999999999999
17 0.6603671875 0.3364270833333334 0.16459375 0.09605208333333333
23 0.246 0.6887604166666667 0.1331875 0.07272916666666666